{
 "cells": [
  {
   "cell_type": "code",
   "execution_count": 220,
   "metadata": {},
   "outputs": [
    {
     "data": {
      "text/plain": [
       "23.036363636363635"
      ]
     },
     "execution_count": 220,
     "metadata": {},
     "output_type": "execute_result"
    }
   ],
   "source": [
    "#Some data analysis, just for fun\n",
    "import pandas as pd\n",
    "df=pd.read_csv(\"C:\\\\Users\\\\Eric Gao\\\\Downloads\\\\Webscraping\\\\players.csv\",header=1)\n",
    "df.columns = df.columns.str.strip()\n",
    "df.Points.mean()"
   ]
  },
  {
   "cell_type": "code",
   "execution_count": 221,
   "metadata": {},
   "outputs": [
    {
     "data": {
      "text/plain": [
       "0.43381818181818177"
      ]
     },
     "execution_count": 221,
     "metadata": {},
     "output_type": "execute_result"
    }
   ],
   "source": [
    "df[\"FG%\"].mean()"
   ]
  },
  {
   "cell_type": "code",
   "execution_count": 222,
   "metadata": {},
   "outputs": [
    {
     "data": {
      "text/plain": [
       "Assist    8.336364\n",
       "dtype: float64"
      ]
     },
     "execution_count": 222,
     "metadata": {},
     "output_type": "execute_result"
    }
   ],
   "source": [
    "df[[\"Assist\"]].mean()"
   ]
  },
  {
   "cell_type": "code",
   "execution_count": 223,
   "metadata": {},
   "outputs": [
    {
     "data": {
      "text/plain": [
       "TReb    6.990909\n",
       "dtype: float64"
      ]
     },
     "execution_count": 223,
     "metadata": {},
     "output_type": "execute_result"
    }
   ],
   "source": [
    "df[[\"TReb\"]].mean()"
   ]
  },
  {
   "cell_type": "code",
   "execution_count": 224,
   "metadata": {
    "scrolled": false
   },
   "outputs": [
    {
     "data": {
      "text/html": [
       "<div>\n",
       "<style scoped>\n",
       "    .dataframe tbody tr th:only-of-type {\n",
       "        vertical-align: middle;\n",
       "    }\n",
       "\n",
       "    .dataframe tbody tr th {\n",
       "        vertical-align: top;\n",
       "    }\n",
       "\n",
       "    .dataframe thead th {\n",
       "        text-align: right;\n",
       "    }\n",
       "</style>\n",
       "<table border=\"1\" class=\"dataframe\">\n",
       "  <thead>\n",
       "    <tr style=\"text-align: right;\">\n",
       "      <th></th>\n",
       "      <th>Age</th>\n",
       "      <th>G</th>\n",
       "      <th>GS</th>\n",
       "      <th>MP</th>\n",
       "      <th>FGM</th>\n",
       "      <th>FGA</th>\n",
       "      <th>FG%</th>\n",
       "      <th>3P</th>\n",
       "      <th>3PA</th>\n",
       "      <th>3P%</th>\n",
       "      <th>2P</th>\n",
       "      <th>2PA</th>\n",
       "      <th>2P%</th>\n",
       "      <th>EFG%</th>\n",
       "      <th>FTM</th>\n",
       "      <th>FTA</th>\n",
       "      <th>FT%</th>\n",
       "      <th>OReb</th>\n",
       "      <th>DReb</th>\n",
       "      <th>TReb</th>\n",
       "      <th>Assist</th>\n",
       "      <th>Steal</th>\n",
       "      <th>Blk</th>\n",
       "      <th>TOV</th>\n",
       "      <th>PF</th>\n",
       "      <th>Points</th>\n",
       "    </tr>\n",
       "  </thead>\n",
       "  <tbody>\n",
       "    <tr>\n",
       "      <th>Age</th>\n",
       "      <td>1.000000</td>\n",
       "      <td>0.000000</td>\n",
       "      <td>0.000000</td>\n",
       "      <td>0.000000</td>\n",
       "      <td>0.788853</td>\n",
       "      <td>0.794174</td>\n",
       "      <td>0.000000</td>\n",
       "      <td>0.790380</td>\n",
       "      <td>0.850110</td>\n",
       "      <td>0.000000</td>\n",
       "      <td>0.632910</td>\n",
       "      <td>0.000000</td>\n",
       "      <td>0.696124</td>\n",
       "      <td>0.685319</td>\n",
       "      <td>0.000000</td>\n",
       "      <td>0.000000</td>\n",
       "      <td>0.000000</td>\n",
       "      <td>0.000000</td>\n",
       "      <td>0.945195</td>\n",
       "      <td>0.921713</td>\n",
       "      <td>0.828163</td>\n",
       "      <td>0.575055</td>\n",
       "      <td>0.000000</td>\n",
       "      <td>0.831448</td>\n",
       "      <td>0.536364</td>\n",
       "      <td>0.707259</td>\n",
       "    </tr>\n",
       "    <tr>\n",
       "      <th>G</th>\n",
       "      <td>0.000000</td>\n",
       "      <td>1.000000</td>\n",
       "      <td>0.897120</td>\n",
       "      <td>0.553328</td>\n",
       "      <td>0.000000</td>\n",
       "      <td>0.000000</td>\n",
       "      <td>0.000000</td>\n",
       "      <td>0.000000</td>\n",
       "      <td>0.000000</td>\n",
       "      <td>0.000000</td>\n",
       "      <td>0.000000</td>\n",
       "      <td>0.000000</td>\n",
       "      <td>0.000000</td>\n",
       "      <td>0.000000</td>\n",
       "      <td>0.000000</td>\n",
       "      <td>0.000000</td>\n",
       "      <td>0.000000</td>\n",
       "      <td>0.520871</td>\n",
       "      <td>0.000000</td>\n",
       "      <td>0.000000</td>\n",
       "      <td>0.000000</td>\n",
       "      <td>0.000000</td>\n",
       "      <td>0.000000</td>\n",
       "      <td>0.000000</td>\n",
       "      <td>0.000000</td>\n",
       "      <td>0.000000</td>\n",
       "    </tr>\n",
       "    <tr>\n",
       "      <th>GS</th>\n",
       "      <td>0.000000</td>\n",
       "      <td>0.897120</td>\n",
       "      <td>1.000000</td>\n",
       "      <td>0.729086</td>\n",
       "      <td>0.000000</td>\n",
       "      <td>0.000000</td>\n",
       "      <td>0.000000</td>\n",
       "      <td>0.000000</td>\n",
       "      <td>0.000000</td>\n",
       "      <td>0.000000</td>\n",
       "      <td>0.000000</td>\n",
       "      <td>0.000000</td>\n",
       "      <td>0.000000</td>\n",
       "      <td>0.000000</td>\n",
       "      <td>0.000000</td>\n",
       "      <td>0.000000</td>\n",
       "      <td>0.000000</td>\n",
       "      <td>0.000000</td>\n",
       "      <td>0.000000</td>\n",
       "      <td>0.000000</td>\n",
       "      <td>0.510982</td>\n",
       "      <td>0.000000</td>\n",
       "      <td>0.600952</td>\n",
       "      <td>0.000000</td>\n",
       "      <td>0.000000</td>\n",
       "      <td>0.000000</td>\n",
       "    </tr>\n",
       "    <tr>\n",
       "      <th>MP</th>\n",
       "      <td>0.000000</td>\n",
       "      <td>0.553328</td>\n",
       "      <td>0.729086</td>\n",
       "      <td>1.000000</td>\n",
       "      <td>0.520436</td>\n",
       "      <td>0.000000</td>\n",
       "      <td>0.000000</td>\n",
       "      <td>0.000000</td>\n",
       "      <td>0.000000</td>\n",
       "      <td>0.000000</td>\n",
       "      <td>0.669513</td>\n",
       "      <td>0.653545</td>\n",
       "      <td>0.000000</td>\n",
       "      <td>0.000000</td>\n",
       "      <td>0.000000</td>\n",
       "      <td>0.000000</td>\n",
       "      <td>0.000000</td>\n",
       "      <td>0.000000</td>\n",
       "      <td>0.000000</td>\n",
       "      <td>0.000000</td>\n",
       "      <td>0.521766</td>\n",
       "      <td>0.000000</td>\n",
       "      <td>0.594409</td>\n",
       "      <td>0.000000</td>\n",
       "      <td>0.000000</td>\n",
       "      <td>0.000000</td>\n",
       "    </tr>\n",
       "    <tr>\n",
       "      <th>FGM</th>\n",
       "      <td>0.788853</td>\n",
       "      <td>0.000000</td>\n",
       "      <td>0.000000</td>\n",
       "      <td>0.520436</td>\n",
       "      <td>1.000000</td>\n",
       "      <td>0.981208</td>\n",
       "      <td>0.531238</td>\n",
       "      <td>0.772516</td>\n",
       "      <td>0.770020</td>\n",
       "      <td>0.646552</td>\n",
       "      <td>0.928536</td>\n",
       "      <td>0.857403</td>\n",
       "      <td>0.609845</td>\n",
       "      <td>0.756113</td>\n",
       "      <td>0.656895</td>\n",
       "      <td>0.768755</td>\n",
       "      <td>0.000000</td>\n",
       "      <td>0.000000</td>\n",
       "      <td>0.695395</td>\n",
       "      <td>0.665070</td>\n",
       "      <td>0.579506</td>\n",
       "      <td>0.601355</td>\n",
       "      <td>0.000000</td>\n",
       "      <td>0.797425</td>\n",
       "      <td>0.000000</td>\n",
       "      <td>0.961647</td>\n",
       "    </tr>\n",
       "    <tr>\n",
       "      <th>FGA</th>\n",
       "      <td>0.794174</td>\n",
       "      <td>0.000000</td>\n",
       "      <td>0.000000</td>\n",
       "      <td>0.000000</td>\n",
       "      <td>0.981208</td>\n",
       "      <td>1.000000</td>\n",
       "      <td>0.000000</td>\n",
       "      <td>0.824031</td>\n",
       "      <td>0.820435</td>\n",
       "      <td>0.616526</td>\n",
       "      <td>0.874093</td>\n",
       "      <td>0.839866</td>\n",
       "      <td>0.000000</td>\n",
       "      <td>0.651022</td>\n",
       "      <td>0.704811</td>\n",
       "      <td>0.820358</td>\n",
       "      <td>0.000000</td>\n",
       "      <td>0.000000</td>\n",
       "      <td>0.745757</td>\n",
       "      <td>0.722625</td>\n",
       "      <td>0.598589</td>\n",
       "      <td>0.538583</td>\n",
       "      <td>0.000000</td>\n",
       "      <td>0.839495</td>\n",
       "      <td>0.000000</td>\n",
       "      <td>0.972359</td>\n",
       "    </tr>\n",
       "    <tr>\n",
       "      <th>FG%</th>\n",
       "      <td>0.000000</td>\n",
       "      <td>0.000000</td>\n",
       "      <td>0.000000</td>\n",
       "      <td>0.000000</td>\n",
       "      <td>0.531238</td>\n",
       "      <td>0.000000</td>\n",
       "      <td>1.000000</td>\n",
       "      <td>0.000000</td>\n",
       "      <td>0.000000</td>\n",
       "      <td>0.000000</td>\n",
       "      <td>0.632838</td>\n",
       "      <td>0.000000</td>\n",
       "      <td>0.849311</td>\n",
       "      <td>0.838503</td>\n",
       "      <td>0.000000</td>\n",
       "      <td>0.000000</td>\n",
       "      <td>0.000000</td>\n",
       "      <td>0.000000</td>\n",
       "      <td>0.000000</td>\n",
       "      <td>0.000000</td>\n",
       "      <td>0.000000</td>\n",
       "      <td>0.608306</td>\n",
       "      <td>0.000000</td>\n",
       "      <td>0.000000</td>\n",
       "      <td>0.000000</td>\n",
       "      <td>0.000000</td>\n",
       "    </tr>\n",
       "    <tr>\n",
       "      <th>3P</th>\n",
       "      <td>0.790380</td>\n",
       "      <td>0.000000</td>\n",
       "      <td>0.000000</td>\n",
       "      <td>0.000000</td>\n",
       "      <td>0.772516</td>\n",
       "      <td>0.824031</td>\n",
       "      <td>0.000000</td>\n",
       "      <td>1.000000</td>\n",
       "      <td>0.989810</td>\n",
       "      <td>0.575128</td>\n",
       "      <td>0.000000</td>\n",
       "      <td>0.000000</td>\n",
       "      <td>0.000000</td>\n",
       "      <td>0.653729</td>\n",
       "      <td>0.572044</td>\n",
       "      <td>0.660529</td>\n",
       "      <td>0.000000</td>\n",
       "      <td>0.000000</td>\n",
       "      <td>0.787680</td>\n",
       "      <td>0.750969</td>\n",
       "      <td>0.567341</td>\n",
       "      <td>0.000000</td>\n",
       "      <td>0.000000</td>\n",
       "      <td>0.781922</td>\n",
       "      <td>0.000000</td>\n",
       "      <td>0.820403</td>\n",
       "    </tr>\n",
       "    <tr>\n",
       "      <th>3PA</th>\n",
       "      <td>0.850110</td>\n",
       "      <td>0.000000</td>\n",
       "      <td>0.000000</td>\n",
       "      <td>0.000000</td>\n",
       "      <td>0.770020</td>\n",
       "      <td>0.820435</td>\n",
       "      <td>0.000000</td>\n",
       "      <td>0.989810</td>\n",
       "      <td>1.000000</td>\n",
       "      <td>0.509065</td>\n",
       "      <td>0.000000</td>\n",
       "      <td>0.000000</td>\n",
       "      <td>0.529665</td>\n",
       "      <td>0.656187</td>\n",
       "      <td>0.000000</td>\n",
       "      <td>0.604298</td>\n",
       "      <td>0.000000</td>\n",
       "      <td>0.000000</td>\n",
       "      <td>0.838883</td>\n",
       "      <td>0.804727</td>\n",
       "      <td>0.606605</td>\n",
       "      <td>0.000000</td>\n",
       "      <td>0.000000</td>\n",
       "      <td>0.788436</td>\n",
       "      <td>0.000000</td>\n",
       "      <td>0.791535</td>\n",
       "    </tr>\n",
       "    <tr>\n",
       "      <th>3P%</th>\n",
       "      <td>0.000000</td>\n",
       "      <td>0.000000</td>\n",
       "      <td>0.000000</td>\n",
       "      <td>0.000000</td>\n",
       "      <td>0.646552</td>\n",
       "      <td>0.616526</td>\n",
       "      <td>0.000000</td>\n",
       "      <td>0.575128</td>\n",
       "      <td>0.509065</td>\n",
       "      <td>1.000000</td>\n",
       "      <td>0.553374</td>\n",
       "      <td>0.513590</td>\n",
       "      <td>0.000000</td>\n",
       "      <td>0.648418</td>\n",
       "      <td>0.636965</td>\n",
       "      <td>0.629747</td>\n",
       "      <td>0.000000</td>\n",
       "      <td>0.000000</td>\n",
       "      <td>0.000000</td>\n",
       "      <td>0.000000</td>\n",
       "      <td>0.000000</td>\n",
       "      <td>0.535986</td>\n",
       "      <td>0.000000</td>\n",
       "      <td>0.000000</td>\n",
       "      <td>0.000000</td>\n",
       "      <td>0.703254</td>\n",
       "    </tr>\n",
       "    <tr>\n",
       "      <th>2P</th>\n",
       "      <td>0.632910</td>\n",
       "      <td>0.000000</td>\n",
       "      <td>0.000000</td>\n",
       "      <td>0.669513</td>\n",
       "      <td>0.928536</td>\n",
       "      <td>0.874093</td>\n",
       "      <td>0.632838</td>\n",
       "      <td>0.000000</td>\n",
       "      <td>0.000000</td>\n",
       "      <td>0.553374</td>\n",
       "      <td>1.000000</td>\n",
       "      <td>0.953480</td>\n",
       "      <td>0.554698</td>\n",
       "      <td>0.656365</td>\n",
       "      <td>0.577183</td>\n",
       "      <td>0.681794</td>\n",
       "      <td>0.000000</td>\n",
       "      <td>0.000000</td>\n",
       "      <td>0.506519</td>\n",
       "      <td>0.000000</td>\n",
       "      <td>0.000000</td>\n",
       "      <td>0.615803</td>\n",
       "      <td>0.000000</td>\n",
       "      <td>0.650495</td>\n",
       "      <td>0.000000</td>\n",
       "      <td>0.849465</td>\n",
       "    </tr>\n",
       "    <tr>\n",
       "      <th>2PA</th>\n",
       "      <td>0.000000</td>\n",
       "      <td>0.000000</td>\n",
       "      <td>0.000000</td>\n",
       "      <td>0.653545</td>\n",
       "      <td>0.857403</td>\n",
       "      <td>0.839866</td>\n",
       "      <td>0.000000</td>\n",
       "      <td>0.000000</td>\n",
       "      <td>0.000000</td>\n",
       "      <td>0.513590</td>\n",
       "      <td>0.953480</td>\n",
       "      <td>1.000000</td>\n",
       "      <td>0.000000</td>\n",
       "      <td>0.000000</td>\n",
       "      <td>0.677413</td>\n",
       "      <td>0.757495</td>\n",
       "      <td>0.000000</td>\n",
       "      <td>0.000000</td>\n",
       "      <td>0.000000</td>\n",
       "      <td>0.000000</td>\n",
       "      <td>0.000000</td>\n",
       "      <td>0.000000</td>\n",
       "      <td>0.000000</td>\n",
       "      <td>0.605421</td>\n",
       "      <td>0.000000</td>\n",
       "      <td>0.824553</td>\n",
       "    </tr>\n",
       "    <tr>\n",
       "      <th>2P%</th>\n",
       "      <td>0.696124</td>\n",
       "      <td>0.000000</td>\n",
       "      <td>0.000000</td>\n",
       "      <td>0.000000</td>\n",
       "      <td>0.609845</td>\n",
       "      <td>0.000000</td>\n",
       "      <td>0.849311</td>\n",
       "      <td>0.000000</td>\n",
       "      <td>0.529665</td>\n",
       "      <td>0.000000</td>\n",
       "      <td>0.554698</td>\n",
       "      <td>0.000000</td>\n",
       "      <td>1.000000</td>\n",
       "      <td>0.934458</td>\n",
       "      <td>0.000000</td>\n",
       "      <td>0.000000</td>\n",
       "      <td>0.000000</td>\n",
       "      <td>0.000000</td>\n",
       "      <td>0.000000</td>\n",
       "      <td>0.000000</td>\n",
       "      <td>0.000000</td>\n",
       "      <td>0.693544</td>\n",
       "      <td>0.000000</td>\n",
       "      <td>0.000000</td>\n",
       "      <td>0.000000</td>\n",
       "      <td>0.000000</td>\n",
       "    </tr>\n",
       "    <tr>\n",
       "      <th>EFG%</th>\n",
       "      <td>0.685319</td>\n",
       "      <td>0.000000</td>\n",
       "      <td>0.000000</td>\n",
       "      <td>0.000000</td>\n",
       "      <td>0.756113</td>\n",
       "      <td>0.651022</td>\n",
       "      <td>0.838503</td>\n",
       "      <td>0.653729</td>\n",
       "      <td>0.656187</td>\n",
       "      <td>0.648418</td>\n",
       "      <td>0.656365</td>\n",
       "      <td>0.000000</td>\n",
       "      <td>0.934458</td>\n",
       "      <td>1.000000</td>\n",
       "      <td>0.000000</td>\n",
       "      <td>0.000000</td>\n",
       "      <td>0.000000</td>\n",
       "      <td>0.000000</td>\n",
       "      <td>0.000000</td>\n",
       "      <td>0.000000</td>\n",
       "      <td>0.000000</td>\n",
       "      <td>0.677578</td>\n",
       "      <td>0.000000</td>\n",
       "      <td>0.000000</td>\n",
       "      <td>0.000000</td>\n",
       "      <td>0.676943</td>\n",
       "    </tr>\n",
       "    <tr>\n",
       "      <th>FTM</th>\n",
       "      <td>0.000000</td>\n",
       "      <td>0.000000</td>\n",
       "      <td>0.000000</td>\n",
       "      <td>0.000000</td>\n",
       "      <td>0.656895</td>\n",
       "      <td>0.704811</td>\n",
       "      <td>0.000000</td>\n",
       "      <td>0.572044</td>\n",
       "      <td>0.000000</td>\n",
       "      <td>0.636965</td>\n",
       "      <td>0.577183</td>\n",
       "      <td>0.677413</td>\n",
       "      <td>0.000000</td>\n",
       "      <td>0.000000</td>\n",
       "      <td>1.000000</td>\n",
       "      <td>0.975498</td>\n",
       "      <td>0.586395</td>\n",
       "      <td>0.000000</td>\n",
       "      <td>0.000000</td>\n",
       "      <td>0.000000</td>\n",
       "      <td>0.000000</td>\n",
       "      <td>0.000000</td>\n",
       "      <td>0.000000</td>\n",
       "      <td>0.613262</td>\n",
       "      <td>0.000000</td>\n",
       "      <td>0.827549</td>\n",
       "    </tr>\n",
       "    <tr>\n",
       "      <th>FTA</th>\n",
       "      <td>0.000000</td>\n",
       "      <td>0.000000</td>\n",
       "      <td>0.000000</td>\n",
       "      <td>0.000000</td>\n",
       "      <td>0.768755</td>\n",
       "      <td>0.820358</td>\n",
       "      <td>0.000000</td>\n",
       "      <td>0.660529</td>\n",
       "      <td>0.604298</td>\n",
       "      <td>0.629747</td>\n",
       "      <td>0.681794</td>\n",
       "      <td>0.757495</td>\n",
       "      <td>0.000000</td>\n",
       "      <td>0.000000</td>\n",
       "      <td>0.975498</td>\n",
       "      <td>1.000000</td>\n",
       "      <td>0.000000</td>\n",
       "      <td>0.000000</td>\n",
       "      <td>0.000000</td>\n",
       "      <td>0.000000</td>\n",
       "      <td>0.000000</td>\n",
       "      <td>0.000000</td>\n",
       "      <td>0.000000</td>\n",
       "      <td>0.732770</td>\n",
       "      <td>0.000000</td>\n",
       "      <td>0.903621</td>\n",
       "    </tr>\n",
       "    <tr>\n",
       "      <th>FT%</th>\n",
       "      <td>0.000000</td>\n",
       "      <td>0.000000</td>\n",
       "      <td>0.000000</td>\n",
       "      <td>0.000000</td>\n",
       "      <td>0.000000</td>\n",
       "      <td>0.000000</td>\n",
       "      <td>0.000000</td>\n",
       "      <td>0.000000</td>\n",
       "      <td>0.000000</td>\n",
       "      <td>0.000000</td>\n",
       "      <td>0.000000</td>\n",
       "      <td>0.000000</td>\n",
       "      <td>0.000000</td>\n",
       "      <td>0.000000</td>\n",
       "      <td>0.586395</td>\n",
       "      <td>0.000000</td>\n",
       "      <td>1.000000</td>\n",
       "      <td>0.000000</td>\n",
       "      <td>0.000000</td>\n",
       "      <td>0.000000</td>\n",
       "      <td>0.000000</td>\n",
       "      <td>0.000000</td>\n",
       "      <td>0.000000</td>\n",
       "      <td>0.000000</td>\n",
       "      <td>0.000000</td>\n",
       "      <td>0.000000</td>\n",
       "    </tr>\n",
       "    <tr>\n",
       "      <th>OReb</th>\n",
       "      <td>0.000000</td>\n",
       "      <td>0.520871</td>\n",
       "      <td>0.000000</td>\n",
       "      <td>0.000000</td>\n",
       "      <td>0.000000</td>\n",
       "      <td>0.000000</td>\n",
       "      <td>0.000000</td>\n",
       "      <td>0.000000</td>\n",
       "      <td>0.000000</td>\n",
       "      <td>0.000000</td>\n",
       "      <td>0.000000</td>\n",
       "      <td>0.000000</td>\n",
       "      <td>0.000000</td>\n",
       "      <td>0.000000</td>\n",
       "      <td>0.000000</td>\n",
       "      <td>0.000000</td>\n",
       "      <td>0.000000</td>\n",
       "      <td>1.000000</td>\n",
       "      <td>0.000000</td>\n",
       "      <td>0.000000</td>\n",
       "      <td>0.000000</td>\n",
       "      <td>0.000000</td>\n",
       "      <td>0.000000</td>\n",
       "      <td>0.000000</td>\n",
       "      <td>0.000000</td>\n",
       "      <td>0.000000</td>\n",
       "    </tr>\n",
       "    <tr>\n",
       "      <th>DReb</th>\n",
       "      <td>0.945195</td>\n",
       "      <td>0.000000</td>\n",
       "      <td>0.000000</td>\n",
       "      <td>0.000000</td>\n",
       "      <td>0.695395</td>\n",
       "      <td>0.745757</td>\n",
       "      <td>0.000000</td>\n",
       "      <td>0.787680</td>\n",
       "      <td>0.838883</td>\n",
       "      <td>0.000000</td>\n",
       "      <td>0.506519</td>\n",
       "      <td>0.000000</td>\n",
       "      <td>0.000000</td>\n",
       "      <td>0.000000</td>\n",
       "      <td>0.000000</td>\n",
       "      <td>0.000000</td>\n",
       "      <td>0.000000</td>\n",
       "      <td>0.000000</td>\n",
       "      <td>1.000000</td>\n",
       "      <td>0.993435</td>\n",
       "      <td>0.853299</td>\n",
       "      <td>0.000000</td>\n",
       "      <td>0.000000</td>\n",
       "      <td>0.881702</td>\n",
       "      <td>0.564278</td>\n",
       "      <td>0.643213</td>\n",
       "    </tr>\n",
       "    <tr>\n",
       "      <th>TReb</th>\n",
       "      <td>0.921713</td>\n",
       "      <td>0.000000</td>\n",
       "      <td>0.000000</td>\n",
       "      <td>0.000000</td>\n",
       "      <td>0.665070</td>\n",
       "      <td>0.722625</td>\n",
       "      <td>0.000000</td>\n",
       "      <td>0.750969</td>\n",
       "      <td>0.804727</td>\n",
       "      <td>0.000000</td>\n",
       "      <td>0.000000</td>\n",
       "      <td>0.000000</td>\n",
       "      <td>0.000000</td>\n",
       "      <td>0.000000</td>\n",
       "      <td>0.000000</td>\n",
       "      <td>0.000000</td>\n",
       "      <td>0.000000</td>\n",
       "      <td>0.000000</td>\n",
       "      <td>0.993435</td>\n",
       "      <td>1.000000</td>\n",
       "      <td>0.852108</td>\n",
       "      <td>0.000000</td>\n",
       "      <td>0.000000</td>\n",
       "      <td>0.888232</td>\n",
       "      <td>0.559360</td>\n",
       "      <td>0.618060</td>\n",
       "    </tr>\n",
       "    <tr>\n",
       "      <th>Assist</th>\n",
       "      <td>0.828163</td>\n",
       "      <td>0.000000</td>\n",
       "      <td>0.510982</td>\n",
       "      <td>0.521766</td>\n",
       "      <td>0.579506</td>\n",
       "      <td>0.598589</td>\n",
       "      <td>0.000000</td>\n",
       "      <td>0.567341</td>\n",
       "      <td>0.606605</td>\n",
       "      <td>0.000000</td>\n",
       "      <td>0.000000</td>\n",
       "      <td>0.000000</td>\n",
       "      <td>0.000000</td>\n",
       "      <td>0.000000</td>\n",
       "      <td>0.000000</td>\n",
       "      <td>0.000000</td>\n",
       "      <td>0.000000</td>\n",
       "      <td>0.000000</td>\n",
       "      <td>0.853299</td>\n",
       "      <td>0.852108</td>\n",
       "      <td>1.000000</td>\n",
       "      <td>0.000000</td>\n",
       "      <td>0.547506</td>\n",
       "      <td>0.801608</td>\n",
       "      <td>0.569554</td>\n",
       "      <td>0.552485</td>\n",
       "    </tr>\n",
       "    <tr>\n",
       "      <th>Steal</th>\n",
       "      <td>0.575055</td>\n",
       "      <td>0.000000</td>\n",
       "      <td>0.000000</td>\n",
       "      <td>0.000000</td>\n",
       "      <td>0.601355</td>\n",
       "      <td>0.538583</td>\n",
       "      <td>0.608306</td>\n",
       "      <td>0.000000</td>\n",
       "      <td>0.000000</td>\n",
       "      <td>0.535986</td>\n",
       "      <td>0.615803</td>\n",
       "      <td>0.000000</td>\n",
       "      <td>0.693544</td>\n",
       "      <td>0.677578</td>\n",
       "      <td>0.000000</td>\n",
       "      <td>0.000000</td>\n",
       "      <td>0.000000</td>\n",
       "      <td>0.000000</td>\n",
       "      <td>0.000000</td>\n",
       "      <td>0.000000</td>\n",
       "      <td>0.000000</td>\n",
       "      <td>1.000000</td>\n",
       "      <td>0.000000</td>\n",
       "      <td>0.000000</td>\n",
       "      <td>0.000000</td>\n",
       "      <td>0.568726</td>\n",
       "    </tr>\n",
       "    <tr>\n",
       "      <th>Blk</th>\n",
       "      <td>0.000000</td>\n",
       "      <td>0.000000</td>\n",
       "      <td>0.600952</td>\n",
       "      <td>0.594409</td>\n",
       "      <td>0.000000</td>\n",
       "      <td>0.000000</td>\n",
       "      <td>0.000000</td>\n",
       "      <td>0.000000</td>\n",
       "      <td>0.000000</td>\n",
       "      <td>0.000000</td>\n",
       "      <td>0.000000</td>\n",
       "      <td>0.000000</td>\n",
       "      <td>0.000000</td>\n",
       "      <td>0.000000</td>\n",
       "      <td>0.000000</td>\n",
       "      <td>0.000000</td>\n",
       "      <td>0.000000</td>\n",
       "      <td>0.000000</td>\n",
       "      <td>0.000000</td>\n",
       "      <td>0.000000</td>\n",
       "      <td>0.547506</td>\n",
       "      <td>0.000000</td>\n",
       "      <td>1.000000</td>\n",
       "      <td>0.000000</td>\n",
       "      <td>0.552866</td>\n",
       "      <td>0.000000</td>\n",
       "    </tr>\n",
       "    <tr>\n",
       "      <th>TOV</th>\n",
       "      <td>0.831448</td>\n",
       "      <td>0.000000</td>\n",
       "      <td>0.000000</td>\n",
       "      <td>0.000000</td>\n",
       "      <td>0.797425</td>\n",
       "      <td>0.839495</td>\n",
       "      <td>0.000000</td>\n",
       "      <td>0.781922</td>\n",
       "      <td>0.788436</td>\n",
       "      <td>0.000000</td>\n",
       "      <td>0.650495</td>\n",
       "      <td>0.605421</td>\n",
       "      <td>0.000000</td>\n",
       "      <td>0.000000</td>\n",
       "      <td>0.613262</td>\n",
       "      <td>0.732770</td>\n",
       "      <td>0.000000</td>\n",
       "      <td>0.000000</td>\n",
       "      <td>0.881702</td>\n",
       "      <td>0.888232</td>\n",
       "      <td>0.801608</td>\n",
       "      <td>0.000000</td>\n",
       "      <td>0.000000</td>\n",
       "      <td>1.000000</td>\n",
       "      <td>0.000000</td>\n",
       "      <td>0.820457</td>\n",
       "    </tr>\n",
       "    <tr>\n",
       "      <th>PF</th>\n",
       "      <td>0.536364</td>\n",
       "      <td>0.000000</td>\n",
       "      <td>0.000000</td>\n",
       "      <td>0.000000</td>\n",
       "      <td>0.000000</td>\n",
       "      <td>0.000000</td>\n",
       "      <td>0.000000</td>\n",
       "      <td>0.000000</td>\n",
       "      <td>0.000000</td>\n",
       "      <td>0.000000</td>\n",
       "      <td>0.000000</td>\n",
       "      <td>0.000000</td>\n",
       "      <td>0.000000</td>\n",
       "      <td>0.000000</td>\n",
       "      <td>0.000000</td>\n",
       "      <td>0.000000</td>\n",
       "      <td>0.000000</td>\n",
       "      <td>0.000000</td>\n",
       "      <td>0.564278</td>\n",
       "      <td>0.559360</td>\n",
       "      <td>0.569554</td>\n",
       "      <td>0.000000</td>\n",
       "      <td>0.552866</td>\n",
       "      <td>0.000000</td>\n",
       "      <td>1.000000</td>\n",
       "      <td>0.000000</td>\n",
       "    </tr>\n",
       "    <tr>\n",
       "      <th>Points</th>\n",
       "      <td>0.707259</td>\n",
       "      <td>0.000000</td>\n",
       "      <td>0.000000</td>\n",
       "      <td>0.000000</td>\n",
       "      <td>0.961647</td>\n",
       "      <td>0.972359</td>\n",
       "      <td>0.000000</td>\n",
       "      <td>0.820403</td>\n",
       "      <td>0.791535</td>\n",
       "      <td>0.703254</td>\n",
       "      <td>0.849465</td>\n",
       "      <td>0.824553</td>\n",
       "      <td>0.000000</td>\n",
       "      <td>0.676943</td>\n",
       "      <td>0.827549</td>\n",
       "      <td>0.903621</td>\n",
       "      <td>0.000000</td>\n",
       "      <td>0.000000</td>\n",
       "      <td>0.643213</td>\n",
       "      <td>0.618060</td>\n",
       "      <td>0.552485</td>\n",
       "      <td>0.568726</td>\n",
       "      <td>0.000000</td>\n",
       "      <td>0.820457</td>\n",
       "      <td>0.000000</td>\n",
       "      <td>1.000000</td>\n",
       "    </tr>\n",
       "  </tbody>\n",
       "</table>\n",
       "</div>"
      ],
      "text/plain": [
       "             Age         G        GS        MP       FGM       FGA       FG%  \\\n",
       "Age     1.000000  0.000000  0.000000  0.000000  0.788853  0.794174  0.000000   \n",
       "G       0.000000  1.000000  0.897120  0.553328  0.000000  0.000000  0.000000   \n",
       "GS      0.000000  0.897120  1.000000  0.729086  0.000000  0.000000  0.000000   \n",
       "MP      0.000000  0.553328  0.729086  1.000000  0.520436  0.000000  0.000000   \n",
       "FGM     0.788853  0.000000  0.000000  0.520436  1.000000  0.981208  0.531238   \n",
       "FGA     0.794174  0.000000  0.000000  0.000000  0.981208  1.000000  0.000000   \n",
       "FG%     0.000000  0.000000  0.000000  0.000000  0.531238  0.000000  1.000000   \n",
       "3P      0.790380  0.000000  0.000000  0.000000  0.772516  0.824031  0.000000   \n",
       "3PA     0.850110  0.000000  0.000000  0.000000  0.770020  0.820435  0.000000   \n",
       "3P%     0.000000  0.000000  0.000000  0.000000  0.646552  0.616526  0.000000   \n",
       "2P      0.632910  0.000000  0.000000  0.669513  0.928536  0.874093  0.632838   \n",
       "2PA     0.000000  0.000000  0.000000  0.653545  0.857403  0.839866  0.000000   \n",
       "2P%     0.696124  0.000000  0.000000  0.000000  0.609845  0.000000  0.849311   \n",
       "EFG%    0.685319  0.000000  0.000000  0.000000  0.756113  0.651022  0.838503   \n",
       "FTM     0.000000  0.000000  0.000000  0.000000  0.656895  0.704811  0.000000   \n",
       "FTA     0.000000  0.000000  0.000000  0.000000  0.768755  0.820358  0.000000   \n",
       "FT%     0.000000  0.000000  0.000000  0.000000  0.000000  0.000000  0.000000   \n",
       "OReb    0.000000  0.520871  0.000000  0.000000  0.000000  0.000000  0.000000   \n",
       "DReb    0.945195  0.000000  0.000000  0.000000  0.695395  0.745757  0.000000   \n",
       "TReb    0.921713  0.000000  0.000000  0.000000  0.665070  0.722625  0.000000   \n",
       "Assist  0.828163  0.000000  0.510982  0.521766  0.579506  0.598589  0.000000   \n",
       "Steal   0.575055  0.000000  0.000000  0.000000  0.601355  0.538583  0.608306   \n",
       "Blk     0.000000  0.000000  0.600952  0.594409  0.000000  0.000000  0.000000   \n",
       "TOV     0.831448  0.000000  0.000000  0.000000  0.797425  0.839495  0.000000   \n",
       "PF      0.536364  0.000000  0.000000  0.000000  0.000000  0.000000  0.000000   \n",
       "Points  0.707259  0.000000  0.000000  0.000000  0.961647  0.972359  0.000000   \n",
       "\n",
       "              3P       3PA       3P%        2P       2PA       2P%      EFG%  \\\n",
       "Age     0.790380  0.850110  0.000000  0.632910  0.000000  0.696124  0.685319   \n",
       "G       0.000000  0.000000  0.000000  0.000000  0.000000  0.000000  0.000000   \n",
       "GS      0.000000  0.000000  0.000000  0.000000  0.000000  0.000000  0.000000   \n",
       "MP      0.000000  0.000000  0.000000  0.669513  0.653545  0.000000  0.000000   \n",
       "FGM     0.772516  0.770020  0.646552  0.928536  0.857403  0.609845  0.756113   \n",
       "FGA     0.824031  0.820435  0.616526  0.874093  0.839866  0.000000  0.651022   \n",
       "FG%     0.000000  0.000000  0.000000  0.632838  0.000000  0.849311  0.838503   \n",
       "3P      1.000000  0.989810  0.575128  0.000000  0.000000  0.000000  0.653729   \n",
       "3PA     0.989810  1.000000  0.509065  0.000000  0.000000  0.529665  0.656187   \n",
       "3P%     0.575128  0.509065  1.000000  0.553374  0.513590  0.000000  0.648418   \n",
       "2P      0.000000  0.000000  0.553374  1.000000  0.953480  0.554698  0.656365   \n",
       "2PA     0.000000  0.000000  0.513590  0.953480  1.000000  0.000000  0.000000   \n",
       "2P%     0.000000  0.529665  0.000000  0.554698  0.000000  1.000000  0.934458   \n",
       "EFG%    0.653729  0.656187  0.648418  0.656365  0.000000  0.934458  1.000000   \n",
       "FTM     0.572044  0.000000  0.636965  0.577183  0.677413  0.000000  0.000000   \n",
       "FTA     0.660529  0.604298  0.629747  0.681794  0.757495  0.000000  0.000000   \n",
       "FT%     0.000000  0.000000  0.000000  0.000000  0.000000  0.000000  0.000000   \n",
       "OReb    0.000000  0.000000  0.000000  0.000000  0.000000  0.000000  0.000000   \n",
       "DReb    0.787680  0.838883  0.000000  0.506519  0.000000  0.000000  0.000000   \n",
       "TReb    0.750969  0.804727  0.000000  0.000000  0.000000  0.000000  0.000000   \n",
       "Assist  0.567341  0.606605  0.000000  0.000000  0.000000  0.000000  0.000000   \n",
       "Steal   0.000000  0.000000  0.535986  0.615803  0.000000  0.693544  0.677578   \n",
       "Blk     0.000000  0.000000  0.000000  0.000000  0.000000  0.000000  0.000000   \n",
       "TOV     0.781922  0.788436  0.000000  0.650495  0.605421  0.000000  0.000000   \n",
       "PF      0.000000  0.000000  0.000000  0.000000  0.000000  0.000000  0.000000   \n",
       "Points  0.820403  0.791535  0.703254  0.849465  0.824553  0.000000  0.676943   \n",
       "\n",
       "             FTM       FTA       FT%      OReb      DReb      TReb    Assist  \\\n",
       "Age     0.000000  0.000000  0.000000  0.000000  0.945195  0.921713  0.828163   \n",
       "G       0.000000  0.000000  0.000000  0.520871  0.000000  0.000000  0.000000   \n",
       "GS      0.000000  0.000000  0.000000  0.000000  0.000000  0.000000  0.510982   \n",
       "MP      0.000000  0.000000  0.000000  0.000000  0.000000  0.000000  0.521766   \n",
       "FGM     0.656895  0.768755  0.000000  0.000000  0.695395  0.665070  0.579506   \n",
       "FGA     0.704811  0.820358  0.000000  0.000000  0.745757  0.722625  0.598589   \n",
       "FG%     0.000000  0.000000  0.000000  0.000000  0.000000  0.000000  0.000000   \n",
       "3P      0.572044  0.660529  0.000000  0.000000  0.787680  0.750969  0.567341   \n",
       "3PA     0.000000  0.604298  0.000000  0.000000  0.838883  0.804727  0.606605   \n",
       "3P%     0.636965  0.629747  0.000000  0.000000  0.000000  0.000000  0.000000   \n",
       "2P      0.577183  0.681794  0.000000  0.000000  0.506519  0.000000  0.000000   \n",
       "2PA     0.677413  0.757495  0.000000  0.000000  0.000000  0.000000  0.000000   \n",
       "2P%     0.000000  0.000000  0.000000  0.000000  0.000000  0.000000  0.000000   \n",
       "EFG%    0.000000  0.000000  0.000000  0.000000  0.000000  0.000000  0.000000   \n",
       "FTM     1.000000  0.975498  0.586395  0.000000  0.000000  0.000000  0.000000   \n",
       "FTA     0.975498  1.000000  0.000000  0.000000  0.000000  0.000000  0.000000   \n",
       "FT%     0.586395  0.000000  1.000000  0.000000  0.000000  0.000000  0.000000   \n",
       "OReb    0.000000  0.000000  0.000000  1.000000  0.000000  0.000000  0.000000   \n",
       "DReb    0.000000  0.000000  0.000000  0.000000  1.000000  0.993435  0.853299   \n",
       "TReb    0.000000  0.000000  0.000000  0.000000  0.993435  1.000000  0.852108   \n",
       "Assist  0.000000  0.000000  0.000000  0.000000  0.853299  0.852108  1.000000   \n",
       "Steal   0.000000  0.000000  0.000000  0.000000  0.000000  0.000000  0.000000   \n",
       "Blk     0.000000  0.000000  0.000000  0.000000  0.000000  0.000000  0.547506   \n",
       "TOV     0.613262  0.732770  0.000000  0.000000  0.881702  0.888232  0.801608   \n",
       "PF      0.000000  0.000000  0.000000  0.000000  0.564278  0.559360  0.569554   \n",
       "Points  0.827549  0.903621  0.000000  0.000000  0.643213  0.618060  0.552485   \n",
       "\n",
       "           Steal       Blk       TOV        PF    Points  \n",
       "Age     0.575055  0.000000  0.831448  0.536364  0.707259  \n",
       "G       0.000000  0.000000  0.000000  0.000000  0.000000  \n",
       "GS      0.000000  0.600952  0.000000  0.000000  0.000000  \n",
       "MP      0.000000  0.594409  0.000000  0.000000  0.000000  \n",
       "FGM     0.601355  0.000000  0.797425  0.000000  0.961647  \n",
       "FGA     0.538583  0.000000  0.839495  0.000000  0.972359  \n",
       "FG%     0.608306  0.000000  0.000000  0.000000  0.000000  \n",
       "3P      0.000000  0.000000  0.781922  0.000000  0.820403  \n",
       "3PA     0.000000  0.000000  0.788436  0.000000  0.791535  \n",
       "3P%     0.535986  0.000000  0.000000  0.000000  0.703254  \n",
       "2P      0.615803  0.000000  0.650495  0.000000  0.849465  \n",
       "2PA     0.000000  0.000000  0.605421  0.000000  0.824553  \n",
       "2P%     0.693544  0.000000  0.000000  0.000000  0.000000  \n",
       "EFG%    0.677578  0.000000  0.000000  0.000000  0.676943  \n",
       "FTM     0.000000  0.000000  0.613262  0.000000  0.827549  \n",
       "FTA     0.000000  0.000000  0.732770  0.000000  0.903621  \n",
       "FT%     0.000000  0.000000  0.000000  0.000000  0.000000  \n",
       "OReb    0.000000  0.000000  0.000000  0.000000  0.000000  \n",
       "DReb    0.000000  0.000000  0.881702  0.564278  0.643213  \n",
       "TReb    0.000000  0.000000  0.888232  0.559360  0.618060  \n",
       "Assist  0.000000  0.547506  0.801608  0.569554  0.552485  \n",
       "Steal   1.000000  0.000000  0.000000  0.000000  0.568726  \n",
       "Blk     0.000000  1.000000  0.000000  0.552866  0.000000  \n",
       "TOV     0.000000  0.000000  1.000000  0.000000  0.820457  \n",
       "PF      0.000000  0.552866  0.000000  1.000000  0.000000  \n",
       "Points  0.568726  0.000000  0.820457  0.000000  1.000000  "
      ]
     },
     "execution_count": 224,
     "metadata": {},
     "output_type": "execute_result"
    }
   ],
   "source": [
    "#data analysis\n",
    "%matplotlib inline\n",
    "import pandas as pd\n",
    "import seaborn as sns\n",
    "import matplotlib.pyplot as plt\n",
    "df=pd.read_csv(\"C:\\\\Users\\\\Eric Gao\\\\Downloads\\\\Webscraping\\\\players.csv\",header=1)\n",
    "pd.set_option('display.max_columns', 40)\n",
    "df.columns = df.columns.str.strip()\n",
    "#sns.lmplot(\"FTM\", \"FTA\", data=df)\n",
    "#plt.scatter(df.FTM, df.FTA, color=\"orange\")\n",
    "#Linear relationship between free throw attempts and free throws made\n",
    "#Finding a correlation between all the factors\n",
    "extract=df.corr(method=\"pearson\")\n",
    "#only want to print with strong correlations and only want to test with these values(r>=0.5 or <=-0.5)\n",
    "pos=extract[extract>=0.5]\n",
    "neg=extract[extract<=-0.5]\n",
    "pos\n",
